Point(0) = {-0.5,0.5,0,0.1};
Point(1) = {0.5,0.5,0,0.1};
Point(2) = {0.5,-0.5,0,0.1};
Point(3) = {-0.5,-0.5,0,0.1};
Line(0) = {0,1};
Line(1) = {1,2};
Line(2) = {2,3};
Line(3) = {3,0};
Line Loop(1) = {0,1,2,3};
Point(4) = {0.2515908403328234,-0.03312256249992793,0,0.1};
Point(5) = {0.2515908403328234,0.03312256249992793,0,0.1};
Point(6) = {0.2344453403376636,0.09711043960303632,0,0.1};
Point(7) = {0.2013227778377357,0.15448040072978708,0,0.1};
Point(8) = {0.1544804007297871,0.20132277783773567,0,0.1};
Point(9) = {0.09711043960303634,0.2344453403376636,0,0.1};
Point(10) = {0.03312256249992796,0.2515908403328234,0,0.1};
Point(11) = {-0.033122562499927934,0.2515908403328234,0,0.1};
Point(12) = {-0.09711043960303631,0.2344453403376636,0,0.1};
Point(13) = {-0.15448040072978703,0.20132277783773572,0,0.1};
Point(14) = {-0.20132277783773564,0.15448040072978717,0,0.1};
Point(15) = {-0.23444534033766354,0.09711043960303645,0,0.1};
Point(16) = {-0.2515908403328234,0.03312256249992803,0,0.1};
Point(17) = {-0.2515908403328234,-0.033122562499927864,0,0.1};
Point(18) = {-0.23444534033766365,-0.09711043960303618,0,0.1};
Point(19) = {-0.20132277783773572,-0.15448040072978703,0,0.1};
Point(20) = {-0.15448040072978717,-0.2013227778377356,0,0.1};
Point(21) = {-0.09711043960303646,-0.23444534033766354,0,0.1};
Point(22) = {-0.033122562499928156,-0.25159084033282336,0,0.1};
Point(23) = {0.03312256249992785,-0.2515908403328234,0,0.1};
Point(24) = {0.09711043960303617,-0.23444534033766365,0,0.1};
Point(25) = {0.15448040072978692,-0.2013227778377358,0,0.1};
Point(26) = {0.2013227778377356,-0.15448040072978717,0,0.1};
Point(27) = {0.23444534033766354,-0.09711043960303647,0,0.1};
Line(4) = {4,5};
Line(5) = {5,6};
Line(6) = {6,7};
Line(7) = {7,8};
Line(8) = {8,9};
Line(9) = {9,10};
Line(10) = {10,11};
Line(11) = {11,12};
Line(12) = {12,13};
Line(13) = {13,14};
Line(14) = {14,15};
Line(15) = {15,16};
Line(16) = {16,17};
Line(17) = {17,18};
Line(18) = {18,19};
Line(19) = {19,20};
Line(20) = {20,21};
Line(21) = {21,22};
Line(22) = {22,23};
Line(23) = {23,24};
Line(24) = {24,25};
Line(25) = {25,26};
Line(26) = {26,27};
Line(27) = {27,4};
Line Loop(2) = {4,5,6,7,8,9,10,11,12,13,14,15,16,17,18,19,20,21,22,23,24,25,26,27};
Plane Surface(1)= {1,2};
Line Loop(3) = {-27,-26,-25,-24,-23,-22,-21,-20,-19,-18,-17,-16,-15,-14,-13,-12,-11,-10,-9,-8,-7,-6,-5,-4};
Plane Surface(2)= {3};
Physical Surface('Inclusion') = {2};
Physical Surface('Matrix') = {1};
Physical Line('Periodic_1') = {3};
Physical Line('Periodic_2') = {1};
Physical Line('Periodic_3') = {0};
Physical Line('Periodic_4') = {2};
Physical Line('Interface') = {4,5,6,7,8,9,10,11,12,13,14,15,16,17,18,19,20,21,22,23,24,25,26,27};
Periodic Line{3}={-1};
Periodic Line{2}={0};
