Point(0) = {-0.5,0.5,0,0.1};
Point(1) = {0.5,0.5,0,0.1};
Point(2) = {0.5,0.23277705186463696,0,0.1};
Point(3) = {0.49711043960303636,0.2344453403376636,0,0.1};
Point(4) = {0.433122562499928,0.2515908403328234,0,0.1};
Point(5) = {0.36687743750007207,0.2515908403328234,0,0.1};
Point(6) = {0.3028895603969637,0.2344453403376636,0,0.1};
Point(7) = {0.245519599270213,0.20132277783773572,0,0.1};
Point(8) = {0.19867722216226438,0.15448040072978717,0,0.1};
Point(9) = {0.16555465966233648,0.09711043960303645,0,0.1};
Point(10) = {0.1484091596671766,0.03312256249992803,0,0.1};
Point(11) = {0.1484091596671766,-0.033122562499927864,0,0.1};
Point(12) = {0.16555465966233637,-0.09711043960303618,0,0.1};
Point(13) = {0.1986772221622643,-0.15448040072978703,0,0.1};
Point(14) = {0.24551959927021286,-0.2013227778377356,0,0.1};
Point(15) = {0.3028895603969636,-0.23444534033766354,0,0.1};
Point(16) = {0.36687743750007185,-0.25159084033282336,0,0.1};
Point(17) = {0.43312256249992787,-0.2515908403328234,0,0.1};
Point(18) = {0.4971104396030362,-0.23444534033766365,0,0.1};
Point(19) = {0.5,-0.23277705186463693,0,0.1};
Point(20) = {0.5,-0.5,0,0.1};
Point(21) = {-0.5,-0.5,0,0.1};
Point(22) = {-0.5,-0.23277705186463687,0,0.1};
Point(23) = {-0.44551959927021306,-0.2013227778377358,0,0.1};
Point(24) = {-0.39867722216226437,-0.15448040072978717,0,0.1};
Point(25) = {-0.36555465966233647,-0.09711043960303647,0,0.1};
Point(26) = {-0.34840915966717656,-0.03312256249992793,0,0.1};
Point(27) = {-0.34840915966717656,0.03312256249992793,0,0.1};
Point(28) = {-0.36555465966233636,0.09711043960303632,0,0.1};
Point(29) = {-0.3986772221622643,0.15448040072978708,0,0.1};
Point(30) = {-0.4455195992702129,0.20132277783773567,0,0.1};
Point(31) = {-0.5,0.23277705186463696,0,0.1};
Line(0) = {0,1};
Line(1) = {1,2};
Line(2) = {2,3};
Line(3) = {3,4};
Line(4) = {4,5};
Line(5) = {5,6};
Line(6) = {6,7};
Line(7) = {7,8};
Line(8) = {8,9};
Line(9) = {9,10};
Line(10) = {10,11};
Line(11) = {11,12};
Line(12) = {12,13};
Line(13) = {13,14};
Line(14) = {14,15};
Line(15) = {15,16};
Line(16) = {16,17};
Line(17) = {17,18};
Line(18) = {18,19};
Line(19) = {19,20};
Line(20) = {20,21};
Line(21) = {21,22};
Line(22) = {22,23};
Line(23) = {23,24};
Line(24) = {24,25};
Line(25) = {25,26};
Line(26) = {26,27};
Line(27) = {27,28};
Line(28) = {28,29};
Line(29) = {29,30};
Line(30) = {30,31};
Line(31) = {31,0};
Line Loop(1) = {0,1,2,3,4,5,6,7,8,9,10,11,12,13,14,15,16,17,18,19,20,21,22,23,24,25,26,27,28,29,30,31};
Plane Surface(1)= {1};
Line(32) = {2,19};
Line Loop(2) = {-18,-17,-16,-15,-14,-13,-12,-11,-10,-9,-8,-7,-6,-5,-4,-3,-2,32};
Plane Surface(2)= {2};
Line(33) = {22,31};
Line Loop(3) = {-30,-29,-28,-27,-26,-25,-24,-23,-22,33};
Plane Surface(3)= {3};
Physical Surface('Inclusion') = {2,3};
Physical Surface('Matrix') = {1};
Physical Line('Periodic_1') = {21,31,33};
Physical Line('Periodic_2') = {1,19,32};
Physical Line('Periodic_3') = {0};
Physical Line('Periodic_4') = {20};
Physical Line('Interface') = {0,1,2,3,4,5,6,7,8,9,10,11,12,13,14,15,16,17,18,19,20,21,22,23,24,25,26,27,28,29,30,31,32,33};
Periodic Line{21}={-19};
Periodic Line{31}={-1};
Periodic Line{33}={-32};
Periodic Line{20}={0};
